0.13857460021972656
0.12929391860961914
0.08578157424926758
0.08607292175292969
0.08422446250915527
0.08591818809509277
0.0825505256652832
0.08414626121520996
0.08591866493225098
0.0880284309387207
0.08749532699584961
0.08698201179504395
0.08402299880981445
0.08458542823791504
0.08831501007080078
0.08979487419128418
0.08684015274047852
0.08722400665283203
0.0864255428314209
0.08584928512573242
0.08415579795837402
0.08407402038574219
0.08650040626525879
0.08885550498962402
0.08469700813293457
0.08580279350280762
0.08492517471313477
0.08548545837402344
0.08585476875305176
0.0851600170135498
0.08543586730957031
0.08479571342468262
0.08559584617614746
0.08583688735961914
0.08675265312194824
0.08488249778747559
0.08599495887756348
0.08506441116333008
0.08595442771911621
0.08653473854064941
0.08956551551818848
0.08597779273986816
0.08423352241516113
0.08579635620117188
0.08516097068786621
0.08564448356628418
0.08723258972167969
0.0854027271270752
0.0858917236328125
0.08594322204589844
0.08509588241577148
0.08637881278991699
0.08716297149658203
0.08554697036743164
0.08828425407409668
0.08648324012756348
0.08673286437988281
0.08505535125732422
0.08629155158996582
0.08586406707763672
0.08201265335083008
0.08557987213134766
0.08723950386047363
0.08521366119384766
0.08675932884216309
0.08753013610839844
0.08604907989501953
0.08507776260375977
0.08412027359008789
0.08488702774047852
0.08626127243041992
0.08691978454589844
0.08631372451782227
0.08536434173583984
0.08549213409423828
0.08757400512695312
0.08671855926513672
0.0854039192199707
0.08625650405883789
0.0857541561126709
0.08330321311950684
0.08603310585021973
0.08434510231018066
0.08341741561889648
0.07851910591125488
0.08463549613952637
0.08230471611022949
0.08385896682739258
0.08572673797607422
0.08337712287902832
0.08355569839477539
0.08749866485595703
0.0848386287689209
0.08524680137634277
0.08518052101135254
0.08737397193908691
0.08385109901428223
0.08226823806762695
0.0827784538269043
0.08488583564758301
0.08299088478088379
0.08699631690979004
0.08512759208679199
0.08332419395446777
0.08598661422729492
0.08445405960083008
0.08621382713317871
0.08648109436035156
0.08479809761047363
0.08485817909240723
0.08432769775390625
0.08428168296813965
0.08797311782836914
0.08824467658996582
0.08557271957397461
0.08295321464538574
0.08536791801452637
0.0844261646270752
0.08659148216247559
0.0841989517211914
0.08635067939758301
0.08373212814331055
0.08181643486022949
0.08428573608398438
0.08438467979431152
0.0881047248840332
0.08339571952819824
0.08857417106628418
0.08366203308105469
0.08377552032470703
0.08452630043029785
0.08498120307922363
0.08416152000427246
0.08421468734741211
0.08424019813537598
0.08457112312316895
0.08360767364501953
0.08434295654296875
0.08392477035522461
0.08341097831726074
0.08393049240112305
0.0847311019897461
0.08687663078308105
0.08432364463806152
0.08338713645935059
0.08293557167053223
0.08441877365112305
0.08446335792541504
0.08365726470947266
0.08474206924438477
0.08442115783691406
0.08420300483703613
0.08522272109985352
0.08381438255310059
0.09271669387817383
0.08341646194458008
0.08745503425598145
0.08640742301940918
0.08548545837402344
0.08503293991088867
0.0850989818572998
0.08491396903991699
0.08622097969055176
0.08567333221435547
0.08662128448486328
0.08633732795715332
0.08787155151367188
0.08721423149108887
0.0874793529510498
0.08746814727783203
0.08472442626953125
0.08510017395019531
0.08581256866455078
0.08834385871887207
0.08661627769470215
0.08647489547729492
0.08718419075012207
0.09132194519042969
0.08796024322509766
0.08787775039672852
0.0866386890411377
0.0865321159362793
0.0844118595123291
0.08832931518554688
0.08607006072998047
0.08670949935913086
0.08676338195800781
0.08667516708374023
0.08571696281433105
0.08608889579772949
0.08858370780944824
0.0841066837310791
0.08667659759521484
0.08448362350463867
0.08600640296936035
0.08540725708007812
0.08480644226074219
0.08550620079040527
0.08539748191833496
0.08460521697998047
0.08477401733398438
0.08519458770751953
0.0841362476348877
0.08636236190795898
0.08500218391418457
0.0850982666015625
0.08709168434143066
0.08629536628723145
0.08617138862609863
0.0860600471496582
0.08687138557434082
0.08581161499023438
0.08585667610168457
0.08809041976928711
0.08609962463378906
0.08630490303039551
0.09079504013061523
0.08177614212036133
0.08420348167419434
0.0836341381072998
0.08602547645568848
0.08492612838745117
0.08711624145507812
0.08579850196838379
0.08678007125854492
0.0845024585723877
0.08994841575622559
0.08758664131164551
0.08805227279663086
0.08651876449584961
0.08835768699645996
0.08676743507385254
0.08898687362670898
0.0808565616607666
0.0877387523651123
0.08647465705871582
0.08460283279418945
0.0876169204711914
0.08564424514770508
0.08686017990112305
0.08524155616760254
0.08570075035095215
0.08994150161743164
0.08662033081054688
0.08582162857055664
0.08655166625976562
0.08550548553466797
0.08472132682800293
0.08536458015441895
0.08753561973571777
0.08629870414733887
0.08696770668029785
0.09154176712036133
0.08708047866821289
0.08546185493469238
0.08555197715759277
0.08618688583374023
0.08497333526611328
0.08521246910095215
0.08731985092163086
0.08305811882019043
0.09029793739318848
0.08620786666870117
0.08532953262329102
0.08597564697265625
0.08878731727600098
0.08313870429992676
0.08704233169555664
0.08545303344726562
0.08448529243469238
0.08833503723144531
0.08903193473815918
0.08626008033752441
0.08996081352233887
0.08701944351196289
0.08701324462890625
0.08673739433288574
0.08752632141113281
0.08459925651550293
0.09069585800170898
0.08674955368041992
0.08497333526611328
0.08626294136047363
0.0871274471282959
0.08550357818603516
0.0860285758972168
0.0864715576171875
0.08494043350219727
0.08723139762878418
0.08953547477722168
0.08538651466369629
0.08813595771789551
0.08582806587219238
0.08462142944335938
0.0858004093170166
0.08491778373718262
0.0836338996887207
0.0877842903137207
0.08856701850891113
0.08657336235046387
0.08691549301147461
0.08775925636291504
0.08376455307006836
0.08790802955627441
0.08900570869445801
0.08575320243835449
0.0861673355102539
0.08835363388061523
0.08405661582946777
0.08772659301757812
0.08651614189147949
0.0851891040802002
0.08616447448730469
0.08801770210266113
0.08521771430969238
0.08917379379272461
0.08679890632629395
0.08656692504882812
0.08725857734680176
0.08699536323547363
0.08425521850585938
0.08595013618469238
0.08874750137329102
0.08739447593688965
0.08986592292785645
0.08795046806335449
0.08173966407775879
0.08488631248474121
0.08268451690673828
0.08378815650939941
0.08493947982788086
0.08370566368103027
0.08552098274230957
0.08471560478210449
0.083160400390625
0.08459687232971191
0.08406758308410645
0.08426356315612793
0.08501648902893066
0.08490467071533203
0.08429551124572754
0.08917784690856934
0.08397412300109863
0.08457469940185547
0.08424067497253418
0.08527231216430664
0.08504986763000488
0.08430194854736328
0.08409476280212402
0.08376669883728027
0.08482718467712402
0.08752059936523438
0.08484196662902832
0.08690023422241211
0.0850059986114502
0.08576035499572754
0.08446860313415527
0.08653497695922852
0.08673644065856934
0.08236312866210938
0.08516478538513184
0.08386039733886719
0.0849146842956543
0.0869603157043457
0.08493924140930176
0.08502411842346191
0.08468985557556152
0.0847620964050293
0.08566880226135254
0.08367705345153809
0.08579373359680176
0.08538699150085449
0.08635306358337402
0.08553934097290039
0.0858914852142334
0.08816123008728027
0.08590197563171387
0.08498525619506836
0.08460855484008789
0.08465313911437988
0.08499765396118164
0.08518767356872559
0.08625984191894531
0.08599543571472168
0.08685302734375
0.08476805686950684
0.08592057228088379
0.08471536636352539
0.0856320858001709
0.0869150161743164
0.0843660831451416
0.08713412284851074
0.08626341819763184
0.0851600170135498
0.08348488807678223
0.08439874649047852
0.08739280700683594
0.08595919609069824
0.08419346809387207
0.08648276329040527
0.0860145092010498
0.08603572845458984
0.08459591865539551
0.08612394332885742
0.08521032333374023
0.08422660827636719
0.08565831184387207
0.0872964859008789
0.08661890029907227
0.08688688278198242
0.08563590049743652
0.08564496040344238
0.08417773246765137
0.08553338050842285
0.08653521537780762
0.08635950088500977
0.08538961410522461
0.08569741249084473
0.0841820240020752
0.08593511581420898
0.08586263656616211
0.08615684509277344
0.08498573303222656
0.08794116973876953
0.08525705337524414
0.0843658447265625
0.08391213417053223
0.08676362037658691
0.08528327941894531
0.08659005165100098
0.08609485626220703
0.08611226081848145
0.08680248260498047
0.08951878547668457
0.08603811264038086
0.0832664966583252
0.08510208129882812
0.08505892753601074
0.0862574577331543
0.08600854873657227
0.0861973762512207
0.08583617210388184
0.0856008529663086
0.08447098731994629
0.08363604545593262
0.08511948585510254
0.08662176132202148
0.08635616302490234
0.08585071563720703
0.08439159393310547
0.08451986312866211
0.08472442626953125
0.08626818656921387
0.08847951889038086
0.08529877662658691
0.08681011199951172
0.08615374565124512
0.08521270751953125
0.08525419235229492
0.08514070510864258
0.0867772102355957
0.08648872375488281
0.08518266677856445
0.0867311954498291
0.08598923683166504
0.08465766906738281
0.08506131172180176
0.08424949645996094
0.08721709251403809
0.08555769920349121
0.08688616752624512
0.08500313758850098
0.0850987434387207
0.08428812026977539
0.08672046661376953
0.08537793159484863
0.08678245544433594
0.08902955055236816
0.08688545227050781
0.08862423896789551
0.08598470687866211
0.08563923835754395
0.08473825454711914
0.08550310134887695
0.08474349975585938
0.08406209945678711
0.08493399620056152
0.08527588844299316
0.08501601219177246
0.08630204200744629
0.08564162254333496
0.08561205863952637
0.08463335037231445
0.08657169342041016
0.08603644371032715
0.08604001998901367
0.08563017845153809
0.08428692817687988
0.08486461639404297
0.08651041984558105
0.08642268180847168
0.08539867401123047
0.08576583862304688
0.08148193359375
0.08459758758544922
0.08538126945495605
0.08957409858703613
0.0864872932434082
0.08754611015319824
0.0859527587890625
0.08563685417175293
0.08880352973937988
0.08606719970703125
0.08338499069213867
0.0836331844329834
0.08476686477661133
0.08410072326660156
0.08580517768859863
0.08622574806213379
0.0852501392364502
0.08452200889587402
0.08595657348632812
0.08458089828491211
0.0842428207397461
0.08575797080993652
0.08527350425720215
0.08535218238830566
0.08496212959289551
0.08751225471496582
0.08641242980957031
0.08408737182617188
0.08763432502746582
0.08480620384216309
0.08664250373840332
0.08776378631591797
0.0866389274597168
0.08765411376953125
0.08609819412231445
0.08745741844177246
0.08878803253173828
0.09007859230041504
0.08658552169799805
0.08474206924438477
0.08615660667419434
0.08526968955993652
0.08812522888183594
0.0868828296661377
0.0868523120880127
0.08710980415344238
0.08915829658508301
0.08739089965820312
0.08352899551391602
0.09092926979064941
0.0854332447052002
0.0870964527130127
0.08526849746704102
0.08686232566833496
0.08773040771484375
0.08396410942077637
0.08905458450317383
0.08870530128479004
0.08559012413024902
0.08850336074829102
0.08747601509094238
0.0863945484161377
0.08655929565429688
0.08458709716796875
0.0895998477935791
0.0862584114074707
0.08742427825927734
0.0867471694946289
0.08597397804260254
0.0904090404510498
0.08746695518493652
0.08613157272338867
0.08716392517089844
0.08811783790588379
0.0871889591217041
0.08668947219848633
0.08805036544799805
0.08682417869567871
0.08741497993469238
0.08886218070983887
0.08611726760864258
0.08698487281799316
0.08665919303894043
0.0878748893737793
0.08611011505126953
0.08745551109313965
0.0868222713470459
0.0864708423614502
0.08697628974914551
0.08725333213806152
0.08568954467773438
0.08685135841369629
0.08605122566223145
0.09273481369018555
0.08995580673217773
0.08834290504455566
0.0898141860961914
0.08843421936035156
0.08963489532470703
0.08859753608703613
0.10551691055297852
0.0858161449432373
0.09043693542480469
0.08804440498352051
0.08764076232910156
0.08768773078918457
0.08828282356262207
0.08519148826599121
0.08622622489929199
0.08698248863220215
0.08662676811218262
0.08886408805847168
0.08813595771789551
0.08725428581237793
0.0882256031036377
0.08879733085632324
0.08833551406860352
0.08747673034667969
0.0876307487487793
0.09073472023010254
0.08789682388305664
0.08462095260620117
0.0880582332611084
0.08547663688659668
0.08524203300476074
0.08608889579772949
0.08686995506286621
0.08856654167175293
0.08860397338867188
0.08835530281066895
0.09207439422607422
0.08640003204345703
0.08512544631958008
0.08417057991027832
0.0851905345916748
0.08583974838256836
0.08775162696838379
0.08828258514404297
0.0858457088470459
0.08642864227294922
0.08557415008544922
0.08547163009643555
0.08511638641357422
0.0847783088684082
0.08619904518127441
0.08580970764160156
0.08605337142944336
0.08850550651550293
0.08789992332458496
0.0895376205444336
0.08558034896850586
0.08449077606201172
0.09227752685546875
0.08689594268798828
0.0909569263458252
0.08796501159667969
0.0897970199584961
0.08853697776794434
0.08748245239257812
0.08746552467346191
0.08798694610595703
0.0896155834197998
0.0920708179473877
0.08854150772094727
0.08657574653625488
0.08931922912597656
0.08378052711486816
0.08698034286499023
0.08674049377441406
0.0857400894165039
0.0853424072265625
0.08742594718933105
0.08832907676696777
0.08578085899353027
0.08563613891601562
0.08601975440979004
0.08590912818908691
0.08573532104492188
0.08576297760009766
0.08582139015197754
0.08626508712768555
0.0860130786895752
0.08459639549255371
0.0864100456237793
0.08436965942382812
0.08631181716918945
0.0850832462310791
0.08658838272094727
0.08654403686523438
0.08744335174560547
0.08618021011352539
0.08498382568359375
0.08730196952819824
0.08625578880310059
0.08718109130859375
0.08566665649414062
0.09311556816101074
0.0871877670288086
0.08537578582763672
0.0871891975402832
0.08484172821044922
0.08530807495117188
0.08804798126220703
0.0859215259552002
0.08684539794921875
0.08634209632873535
0.08685421943664551
0.08714461326599121
0.08811092376708984
0.08595752716064453
0.0852358341217041
0.086700439453125
0.08637166023254395
0.0908360481262207
0.08815407752990723
0.08679914474487305
0.08651447296142578
0.08812880516052246
0.08780264854431152
0.08820295333862305
0.08702874183654785
0.08757519721984863
0.0866081714630127
0.08693075180053711
0.0862431526184082
0.08537554740905762
0.08463358879089355
0.0873565673828125
0.08660387992858887
0.08851194381713867
0.08660340309143066
0.08712959289550781
0.08690500259399414
0.08549284934997559
0.08559417724609375
0.08673715591430664
0.0864107608795166
0.08591985702514648
0.08613896369934082
0.08897614479064941
0.08616375923156738
0.0845499038696289
0.08414649963378906
0.08701324462890625
0.0866541862487793
0.0844273567199707
0.08533620834350586
0.08668160438537598
0.08643102645874023
0.08712935447692871
0.08676671981811523
0.08838272094726562
0.08791041374206543
0.0889739990234375
