0.0989539623260498
0.09563016891479492
0.09769296646118164
0.09513354301452637
0.09493851661682129
0.09644222259521484
0.09593653678894043
0.09801530838012695
0.09353876113891602
0.09795308113098145
0.10288858413696289
0.09630250930786133
0.10080623626708984
0.0987098217010498
0.09420132637023926
0.09835386276245117
0.0951242446899414
0.09680485725402832
0.09944415092468262
0.09804725646972656
0.09740877151489258
0.0972743034362793
0.09778308868408203
0.09635424613952637
0.09810900688171387
0.09821724891662598
0.09635519981384277
0.09689998626708984
0.0955808162689209
0.09678983688354492
0.09473752975463867
0.09524345397949219
0.10160040855407715
0.0961759090423584
0.0954136848449707
0.09625720977783203
0.0973818302154541
0.09621644020080566
0.10339665412902832
0.09709572792053223
0.09490275382995605
0.09573888778686523
0.09558224678039551
0.09438514709472656
0.09485721588134766
0.09682250022888184
0.09276318550109863
0.10122156143188477
0.09594035148620605
0.0983116626739502
0.09616947174072266
0.09994244575500488
0.09333992004394531
0.09651899337768555
0.0952599048614502
0.09605813026428223
0.09806632995605469
0.10014510154724121
0.09696125984191895
0.10589265823364258
0.09887290000915527
0.09757590293884277
0.09829854965209961
0.09746694564819336
0.0945744514465332
0.10007596015930176
0.09767866134643555
0.09474968910217285
0.09630084037780762
0.09699177742004395
0.09546065330505371
0.09579634666442871
0.09599804878234863
0.09616899490356445
0.09997963905334473
0.10112333297729492
0.09510684013366699
0.09794187545776367
0.09543943405151367
0.09457254409790039
0.09575510025024414
0.0943596363067627
0.09488725662231445
0.09813046455383301
0.10037660598754883
0.0968773365020752
0.09705162048339844
0.09804320335388184
0.09393501281738281
0.09783482551574707
0.09886789321899414
0.09741497039794922
0.09694528579711914
0.09781146049499512
0.09433937072753906
0.09748172760009766
0.09643912315368652
0.09560656547546387
0.09564471244812012
0.09745931625366211
0.09502601623535156
0.09870696067810059
0.09679770469665527
0.09674310684204102
0.09742903709411621
0.0964202880859375
0.09418511390686035
0.0962069034576416
0.10216689109802246
0.09822702407836914
0.10094332695007324
0.0974125862121582
0.09569978713989258
0.09722709655761719
0.09686136245727539
0.10001683235168457
0.09659719467163086
0.09791254997253418
0.09544181823730469
0.09823203086853027
0.0955507755279541
0.09781074523925781
0.10392999649047852
0.10083413124084473
0.09535527229309082
0.09673309326171875
0.09752678871154785
0.09363675117492676
0.10023260116577148
0.09831809997558594
0.09553837776184082
0.09880781173706055
0.09701418876647949
0.09584784507751465
0.09667158126831055
0.09920215606689453
0.09643697738647461
0.09728312492370605
0.0963740348815918
0.095733642578125
0.10077905654907227
0.09735417366027832
0.09636402130126953
0.09716391563415527
0.09829425811767578
0.09707808494567871
0.09690713882446289
0.09866142272949219
0.09744477272033691
0.09941434860229492
0.09924483299255371
0.0955650806427002
0.09725546836853027
0.09610390663146973
0.10467910766601562
0.09842777252197266
0.09995698928833008
0.09843325614929199
0.11704540252685547
0.09558582305908203
0.10034418106079102
0.09733271598815918
0.0967857837677002
0.09668517112731934
0.09762310981750488
0.09477615356445312
0.09982466697692871
0.0990750789642334
0.09792542457580566
0.10165095329284668
0.10129332542419434
0.09852313995361328
0.09887814521789551
0.09963178634643555
