0.13821959495544434
0.10938286781311035
0.0882408618927002
0.08537602424621582
0.08440518379211426
0.08363890647888184
0.08182954788208008
0.08341622352600098
0.08321356773376465
0.08524370193481445
0.08292627334594727
0.08446979522705078
0.0831308364868164
0.08422541618347168
0.08361077308654785
0.08624124526977539
0.0833580493927002
0.08338737487792969
0.08476066589355469
0.08720254898071289
0.08290839195251465
0.08309316635131836
0.08379602432250977
0.0841069221496582
0.08574891090393066
0.08771157264709473
0.08678150177001953
0.08454656600952148
0.0833289623260498
0.08629441261291504
0.08409905433654785
0.08598589897155762
0.08382725715637207
0.08445405960083008
0.08408522605895996
0.08443307876586914
0.08476710319519043
0.08422017097473145
0.08409357070922852
0.0863194465637207
0.08460378646850586
0.08456540107727051
0.08281445503234863
0.08352780342102051
0.08637857437133789
0.0846719741821289
0.08578133583068848
0.08409643173217773
0.08379483222961426
0.08543014526367188
0.08342599868774414
0.08411622047424316
0.08428215980529785
0.08504533767700195
0.08430671691894531
0.08211445808410645
0.08329081535339355
0.08420562744140625
0.08451128005981445
0.08684134483337402
0.08612322807312012
0.08332943916320801
0.08374524116516113
0.08468818664550781
0.08408141136169434
0.08583903312683105
0.08506011962890625
0.08631253242492676
0.08657598495483398
0.08852124214172363
0.08448290824890137
0.08520674705505371
0.08487486839294434
0.08741354942321777
0.08486509323120117
0.08839607238769531
0.0843198299407959
0.08584403991699219
0.0858149528503418
0.08655667304992676
0.08695125579833984
0.08542180061340332
0.0858149528503418
0.08609247207641602
0.08542537689208984
0.08664727210998535
0.08571457862854004
0.08953094482421875
0.08541369438171387
0.08659791946411133
0.08531427383422852
0.08739399909973145
0.08538293838500977
0.08641552925109863
0.08838939666748047
0.08828163146972656
0.08778929710388184
0.08649539947509766
0.08908557891845703
0.08757305145263672
0.08471202850341797
0.08893775939941406
0.08632969856262207
0.08724045753479004
0.08489227294921875
0.09026002883911133
0.08498454093933105
0.08603072166442871
0.08565282821655273
0.08974123001098633
0.08548331260681152
0.0842292308807373
0.0857076644897461
0.08598923683166504
0.08533263206481934
0.0863645076751709
0.0858602523803711
0.08575272560119629
0.08327150344848633
0.0919346809387207
0.08694005012512207
0.0853729248046875
0.08568334579467773
0.08376193046569824
0.08449935913085938
0.0872488021850586
0.08196568489074707
0.08495020866394043
0.08437967300415039
0.08439779281616211
0.08448147773742676
0.0840306282043457
0.08415961265563965
0.08436012268066406
0.08451509475708008
0.08390140533447266
0.08328533172607422
0.0823068618774414
0.08332991600036621
0.08359050750732422
0.08377909660339355
0.08507275581359863
0.08411192893981934
0.08427619934082031
0.08332514762878418
0.08340024948120117
0.08321976661682129
0.08447837829589844
0.08436226844787598
0.08588552474975586
0.08453726768493652
0.08430671691894531
0.08392024040222168
0.08377456665039062
0.08638286590576172
0.08440995216369629
0.08547687530517578
0.08583354949951172
