0.09852719306945801
0.09491157531738281
0.09537124633789062
0.09711050987243652
0.0979623794555664
0.09361433982849121
0.09481930732727051
0.09482431411743164
0.09881854057312012
0.09460711479187012
0.09842371940612793
0.09378409385681152
0.09547877311706543
0.09575676918029785
0.0955801010131836
0.0974571704864502
0.09506511688232422
0.0955038070678711
0.09516644477844238
0.09567451477050781
0.09453511238098145
0.09990620613098145
0.09434223175048828
0.09612703323364258
0.09423375129699707
0.09687185287475586
0.09444928169250488
0.09612751007080078
0.09875249862670898
0.09875988960266113
0.10047650337219238
0.09621882438659668
0.1061103343963623
0.09722232818603516
0.0941317081451416
0.09862875938415527
0.09552121162414551
0.09708929061889648
0.09433937072753906
0.10378098487854004
0.09339070320129395
0.0954437255859375
0.09545278549194336
0.09884810447692871
0.09439468383789062
0.09435081481933594
0.0942995548248291
0.09535765647888184
0.10057830810546875
0.09533572196960449
0.0950927734375
0.09549307823181152
0.0976099967956543
0.09443497657775879
0.09450244903564453
0.10277986526489258
